1.638491391243337980e-01
1.316694100689138336e-01
1.011093346928531589e-01
7.609796582358829831e-02
7.128848688398911615e-02
8.624904104650030212e-02
1.085060099738302947e-01
1.255700302179003081e-01
1.412568676113571953e-01
1.559805010859535157e-01
1.707539059326349806e-01
1.816841944273053788e-01
1.894664896604560667e-01
1.941331463277710390e-01
1.960696144128653007e-01
1.975630149232342203e-01
1.978522770235265904e-01
1.993267428215804715e-01
2.026914616121358315e-01
2.034334026902651360e-01
2.064873041585235103e-01
2.097607524886179187e-01
2.139348602386577647e-01
2.203077375654018955e-01
2.258199887107096571e-01
2.336666761967859385e-01
2.444448950261977338e-01
2.578007962862143287e-01
2.748284205078447839e-01
2.961025605051448850e-01
3.120468783297809523e-01
3.351152673275601956e-01
3.557532752707335266e-01
3.771934361004593006e-01
3.983932737021552706e-01
4.204354836057775935e-01
4.446032793354298129e-01
4.696469957818577567e-01
4.928508606464346853e-01
5.080096403896250390e-01
5.136422866939397425e-01
5.083447641739532452e-01
4.967861603226889633e-01
4.742717871244291339e-01
4.456783746742287167e-01
4.151610759803217587e-01
3.837571016536613366e-01
3.543593555988455157e-01
3.247402473962953673e-01
2.996148479619523686e-01
2.758825702559465909e-01
2.553014569653113131e-01
2.376648934497977705e-01
2.206028477017789313e-01
2.062215194479928848e-01
1.940245890783984517e-01
1.822608936615625619e-01
1.718602205344857414e-01
1.619260508054788106e-01
1.530934791376010462e-01
1.439133277610321060e-01
1.366426966672914245e-01
1.292887857389617978e-01
1.230539863186846800e-01
1.173124259384189794e-01
1.123366028812666506e-01
1.076816491797270153e-01
1.032616553493822253e-01
9.883508095653192882e-02
9.497699656968121296e-02
9.123071240136529370e-02
8.780310650198652755e-02
8.433892787221380916e-02
8.103332158243455041e-02
7.795183228004924636e-02
7.565302341867943814e-02
7.279677347965571310e-02
7.054082810532867620e-02
6.815642079580495893e-02
6.535464525754919318e-02
6.370743702916954743e-02
6.170541533405325685e-02
5.966316902064371791e-02
5.787205145885641194e-02
5.615554718699848624e-02
5.455609819278758182e-02
5.296418606943494034e-02
5.152221384634938367e-02
5.017562769354743518e-02
4.863819079297145020e-02
4.747346120885419934e-02
4.616367778234055363e-02
4.465518960348209554e-02
4.335667263043917891e-02
4.210766530808092434e-02
4.107942491113950739e-02
3.970989936206904131e-02
3.884422684785191621e-02
3.765967339149094151e-02
3.701900336401927477e-02
3.630621152817936625e-02
