6.067519536595159524e-01
6.082594872248644480e-01
6.100521955941098362e-01
6.121717489708848881e-01
6.146632167813512737e-01
6.175747734493630681e-01
6.209572564279302043e-01
6.248635611153103842e-01
6.293478605473531440e-01
6.344646422043375145e-01
6.402675599091590675e-01
6.468081055688573722e-01
6.541341132946451031e-01
6.622881170198817724e-01
6.713055918340191663e-01
6.812131185004551837e-01
6.920265195975235928e-01
7.037490239327676145e-01
7.163695228184593367e-01
7.298609869433400066e-01
7.441791154391284024e-01
7.592612888855251319e-01
7.750258950801077740e-01
7.913720901979622857e-01
8.081800484082809488e-01
8.253117402006614478e-01
8.426122638850532809e-01
8.599117364343838998e-01
8.770277296820790935e-01
8.937682166667434425e-01
9.099349715532998317e-01
9.253273460519382265e-01
9.397463266273249349e-01
9.529987610338382931e-01
9.649016307314181029e-01
9.752862382876432701e-01
9.840021765141910848e-01
9.909209491407914294e-01
9.959391213514935393e-01
9.989808922717122730e-01
1.000000000000000000e+00
9.989808922717122730e-01
9.959391213514935393e-01
9.909209491407914294e-01
9.840021765141910848e-01
9.752862382876432701e-01
9.649016307314181029e-01
9.529987610338382931e-01
9.397463266273249349e-01
9.253273460519382265e-01
9.099349715532998317e-01
8.937682166667434425e-01
8.770277296820790935e-01
8.599117364343838998e-01
8.426122638850532809e-01
8.253117402006614478e-01
8.081800484082809488e-01
7.913720901979622857e-01
7.750258950801077740e-01
7.592612888855251319e-01
7.441791154391284024e-01
7.298609869433400066e-01
7.163695228184593367e-01
7.037490239327676145e-01
6.920265195975235928e-01
6.812131185004551837e-01
6.713055918340191663e-01
6.622881170198817724e-01
6.541341132946451031e-01
6.468081055688573722e-01
6.402675599091590675e-01
6.344646422043375145e-01
6.293478605473531440e-01
6.248635611153103842e-01
6.209572564279302043e-01
6.175747734493630681e-01
6.146632167813512737e-01
6.121717489708848881e-01
6.100521955941098362e-01
6.082594872248644480e-01
6.067519536595159524e-01
6.054914879117900828e-01
6.044435986152969509e-01
6.035773697096996626e-01
6.028653457883677014e-01
6.022833604069118829e-01
6.018103231467067937e-01
6.014279794391726996e-01
6.011206552139395365e-01
6.008749964472732685e-01
6.006797117462211455e-01
6.005253242780872469e-01
6.004039376936450845e-01
6.003090192274007642e-01
6.002352019050951615e-01
6.001781067503139111e-01
6.001341850511610065e-01
6.001005801095542491e-01
6.000750074298299985e-01
6.000556519871608208e-01
6.000410810258478556e-01
