1.656304650850857207e+00
1.567124424895330215e+00
1.469253120568906112e+00
1.374203352712095594e+00
1.354740169703704922e+00
1.424370550988905082e+00
1.521792407939601688e+00
1.573253948878176267e+00
1.629882645482397585e+00
1.685819791177642024e+00
1.723918702089471289e+00
1.742478521774438072e+00
1.772727273038527507e+00
1.794452546670834536e+00
1.808372389310508588e+00
1.814979976924733229e+00
1.818845787029671257e+00
1.821158066407309484e+00
1.827612486716438056e+00
1.832940514363254891e+00
1.829962178826418651e+00
1.831455371415352751e+00
1.829171459954773482e+00
1.825171358696636048e+00
1.813275179005037430e+00
1.799651030974784405e+00
1.774398374905728382e+00
1.747447220127528844e+00
1.718613441274438713e+00
1.679795266720082836e+00
1.635923593224882566e+00
1.585625583116346604e+00
1.523981586576221403e+00
1.458084422119158674e+00
1.384211152668706646e+00
1.319076644982510871e+00
1.281188803172875978e+00
1.301415712967748384e+00
1.368247083500536476e+00
1.428278774200333778e+00
1.465338172871223144e+00
1.489485860012154106e+00
1.503023978729038923e+00
1.500621469376416606e+00
1.499556571861119458e+00
1.487161287161260503e+00
1.482583060306042810e+00
1.468422171458372283e+00
1.455642433852365691e+00
1.439123608372918639e+00
1.419575101498337766e+00
1.399837980505474810e+00
1.386422535152936675e+00
1.364927061120412510e+00
1.349673052743362689e+00
1.332011983385642750e+00
1.315015165266908426e+00
1.303431003807618893e+00
1.285307521770517880e+00
1.271763827148479464e+00
1.255301754190891295e+00
1.240212262213836070e+00
1.226882795765699363e+00
1.211279433226822633e+00
1.195962311065176031e+00
1.189187500233947148e+00
1.177164228713442284e+00
1.164471519036983871e+00
1.151811738990929257e+00
1.140607296136017190e+00
1.132172692316670393e+00
1.120628353288084078e+00
1.112108738148967824e+00
1.097384687093102329e+00
1.088850452686811465e+00
1.082173854751355080e+00
1.073290764512676354e+00
1.064474000236298679e+00
1.054376295983263212e+00
1.045057123165018531e+00
1.034163093175417103e+00
1.025856460698813422e+00
1.019423224199054623e+00
1.013417839647474672e+00
1.001564574458821077e+00
9.942560307631131966e-01
9.870740332885772350e-01
9.837321083057528615e-01
9.786621217835973496e-01
9.652589237505433406e-01
9.622322798233300389e-01
9.570653227210244030e-01
9.511576955922198540e-01
9.441455248071370931e-01
9.351421731058258136e-01
9.316710059807953304e-01
9.268996084079177411e-01
9.161229589593704592e-01
9.058321277211502931e-01
9.082714409053878057e-01
8.978763225388670666e-01
