2.999999999999999889e-01
2.999999999999999889e-01
2.999999999999999889e-01
2.999999999999999889e-01
2.999999999999999889e-01
2.999999999999999889e-01
2.999999999999999889e-01
2.999999999999999889e-01
2.999999999999999889e-01
2.999999999999999889e-01
2.999999999999999889e-01
2.999999999999999889e-01
2.999999999999999889e-01
2.999999999999999889e-01
2.999999999999999889e-01
2.999999999999999889e-01
2.999999999999999889e-01
2.999999999999999889e-01
3.000000000000010436e-01
3.000000000003606448e-01
3.000000000510844589e-01
3.000000033829439694e-01
3.000001153421703592e-01
3.000022085353203360e-01
3.000256771585950721e-01
3.001943819999403629e-01
3.010196878459825420e-01
3.039170664374831188e-01
3.115691554891132364e-01
3.274200162250717194e-01
3.541341132946450587e-01
3.919532932305364592e-01
4.381835048485088757e-01
4.881360771928659470e-01
5.367906807058232532e-01
5.802010877259233812e-01
6.161341178459946999e-01
6.439948773568389129e-01
6.643637009076184263e-01
6.784573049513069609e-01
6.876932937905376741e-01
6.934118454141806609e-01
6.967365851973496005e-01
6.985320875664333684e-01
6.994172249462511370e-01
6.998047351759557611e-01
6.999488032766602030e-01
6.999908876037963523e-01
6.999992000007999593e-01
6.999999875000002536e-01
6.999999999999999556e-01
6.999999875000002536e-01
6.999992000007999593e-01
6.999908876037963523e-01
6.999488032766602030e-01
6.998047351759557611e-01
6.994172249462511370e-01
6.985320875664333684e-01
6.967365851973496005e-01
6.934118454141806609e-01
6.876932937905376741e-01
6.784573049513069609e-01
6.643637009076184263e-01
6.439948773568389129e-01
6.161341178459946999e-01
5.802010877259233812e-01
5.367906807058232532e-01
4.881360771928659470e-01
4.381835048485088757e-01
3.919532932305364592e-01
3.541341132946450587e-01
3.274200162250717194e-01
3.115691554891132364e-01
3.039170664374831188e-01
3.010196878459825420e-01
3.001943819999403629e-01
3.000256771585950721e-01
3.000022085353203360e-01
3.000001153421703592e-01
3.000000033829439694e-01
3.000000000510844589e-01
3.000000000003606448e-01
3.000000000000010436e-01
2.999999999999999889e-01
2.999999999999999889e-01
2.999999999999999889e-01
2.999999999999999889e-01
2.999999999999999889e-01
2.999999999999999889e-01
2.999999999999999889e-01
2.999999999999999889e-01
2.999999999999999889e-01
2.999999999999999889e-01
2.999999999999999889e-01
2.999999999999999889e-01
2.999999999999999889e-01
2.999999999999999889e-01
2.999999999999999889e-01
2.999999999999999889e-01
2.999999999999999889e-01
2.999999999999999889e-01
